_viz_0 = nengo_gui.components.HTMLView(display_node)
_viz_config[_viz_0].x = 0.5288814350035992
_viz_config[_viz_0].y = 1.3173045920521271
_viz_config[_viz_0].width = 0.05649019710069645
_viz_config[_viz_0].height = 0.0695798699648991
_viz_config[_viz_0].label_visible = True
_viz_1 = nengo_gui.components.Pointer(output_spa,args='default')
_viz_config[_viz_1].show_pairs = False
_viz_config[_viz_1].max_size = 1000.0
_viz_config[_viz_1].x = 0.9325858082470034
_viz_config[_viz_1].y = 1.322289565543555
_viz_config[_viz_1].width = 0.05284085610218266
_viz_config[_viz_1].height = 0.08673783667792521
_viz_config[_viz_1].label_visible = True
_viz_2 = nengo_gui.components.SpaSimilarity(output_spa,args='default')
_viz_config[_viz_2].max_value = 1
_viz_config[_viz_2].min_value = -1
_viz_config[_viz_2].show_pairs = False
_viz_config[_viz_2].x = 0.7519133516035807
_viz_config[_viz_2].y = 1.1435792247782757
_viz_config[_viz_2].width = 0.38327265705696906
_viz_config[_viz_2].height = 0.38154620440781767
_viz_config[_viz_2].label_visible = True
_viz_net_graph = nengo_gui.components.NetGraph()
_viz_progress = nengo_gui.components.Progress()
_viz_config[_viz_progress].x = 0
_viz_config[_viz_progress].y = 0
_viz_config[_viz_progress].width = 100
_viz_config[_viz_progress].height = 100
_viz_config[_viz_progress].label_visible = True
_viz_sim_control = nengo_gui.components.SimControl()
_viz_config[_viz_sim_control].shown_time = 0.5
_viz_config[_viz_sim_control].kept_time = 4.0
_viz_config[combined_node].pos=(0.8691669322589434, 0.33022932429303864)
_viz_config[combined_node].size=(0.1, 0.1)
_viz_config[display_digit_node].pos=(0.16314526795655535, 0.6102479597530839)
_viz_config[display_digit_node].size=(0.1, 0.1)
_viz_config[display_node].pos=(0.0032635335090693924, 0.9430129370802891)
_viz_config[display_node].size=(0.04395604395604395, 0.05128205128205128)
_viz_config[input_node].pos=(0.07142857142857142, 0.6025641025641025)
_viz_config[input_node].size=(0.04395604395604395, 0.05128205128205128)
_viz_config[max_index_node].pos=(0.29781794868918077, 0.48519171015863233)
_viz_config[max_index_node].size=(0.1, 0.1)
_viz_config[model].pos=(-0.33572711596617644, -0.683580516826779)
_viz_config[model].size=(1.170365152942969, 1.170365152942969)
_viz_config[model].expanded=True
_viz_config[model].has_layout=True
_viz_config[model.networks[0]].pos=(0.2804133897572383, 0.3109136819771933)
_viz_config[model.networks[0]].size=(0.1, 0.1)
_viz_config[model.networks[0]].expanded=True
_viz_config[model.networks[0]].has_layout=True
_viz_config[model.networks[0].ensemble].pos=(0.49999999999999994, 0.7916666666666666)
_viz_config[model.networks[0].ensemble].size=(0.09803921568627451, 0.10416666666666666)
_viz_config[model.networks[0].error].pos=(0.12745098039215685, 0.1875)
_viz_config[model.networks[0].error].size=(0.07843137254901959, 0.08333333333333333)
_viz_config[model.networks[0].input].pos=(0.12745098039215685, 0.7916666666666666)
_viz_config[model.networks[0].input].size=(0.07843137254901959, 0.08333333333333333)
_viz_config[model.networks[0].output].pos=(0.872549019607843, 0.48958333333333326)
_viz_config[model.networks[0].output].size=(0.07843137254901959, 0.08333333333333333)
_viz_config[output_node].pos=(0.598901098901099, 0.5171402950873961)
_viz_config[output_node].size=(0.04395604395604395, 0.05128205128205128)
_viz_config[output_spa].pos=(1.209378358992309, 0.45908578130716693)
_viz_config[output_spa].size=(0.10989010989010989, 0.0642371503080458)
_viz_config[output_spa].expanded=False
_viz_config[output_spa].has_layout=False
_viz_config[output_spa.state_ensembles].expanded=False
_viz_config[output_spa.state_ensembles].has_layout=False